0 0.564128 0.247192 0.022786 0.017334
1 0.082520 0.724731 0.040039 0.035889
0 0.502767 0.852417 0.019206 0.010010
0 0.484538 0.737671 0.021159 0.012939
0 0.565104 0.713989 0.028646 0.014404
0 0.271159 0.698120 0.026693 0.020264
0 0.396484 0.435303 0.032552 0.020020
0 0.502767 0.518677 0.019206 0.014404
0 0.638672 0.323242 0.026693 0.025879
0 0.868490 0.301758 0.030599 0.022949
0 0.241374 0.278076 0.025065 0.015625
0 0.195475 0.331177 0.028971 0.021729
0 0.360026 0.041870 0.032552 0.017334
0 0.161947 0.023804 0.023112 0.015869