0 0.024251 0.456177 0.015299 0.012939
0 0.393717 0.431641 0.015299 0.024414
0 0.434733 0.519287 0.017253 0.015625
0 0.655111 0.173950 0.021159 0.017334
0 0.410970 0.286011 0.015299 0.017334
1 0.085449 0.725464 0.041992 0.037354
0 0.502767 0.854614 0.023112 0.011475
0 0.232910 0.165283 0.015299 0.017090
0 0.168783 0.031738 0.017253 0.014160
0 0.084473 0.088501 0.025065 0.010010
0 0.111165 0.013062 0.009440 0.011475
0 0.254883 0.571777 0.024740 0.017090
0 0.272949 0.415894 0.011393 0.012939
0 0.870443 0.303223 0.022786 0.017090