0 0.417643 0.283691 0.020833 0.024414
0 0.182943 0.329712 0.026693 0.015869
0 0.019368 0.458374 0.017253 0.014404
0 0.655111 0.181030 0.009440 0.014404
0 0.251953 0.576050 0.018880 0.017334
0 0.431152 0.520752 0.017253 0.018555
0 0.279785 0.415894 0.021159 0.012939
0 0.060384 0.481323 0.019206 0.014404
1 0.087240 0.738281 0.061198 0.045898
0 0.502767 0.853882 0.019206 0.015869
0 0.578451 0.812988 0.024740 0.017090
0 0.681803 0.603394 0.021159 0.014404
0 0.158040 0.912109 0.019206 0.020020
0 0.353353 0.859619 0.015299 0.018555
0 0.111328 0.013794 0.028646 0.015869
0 0.070150 0.014526 0.023112 0.028564