0 0.184082 0.337646 0.017253 0.017090
0 0.408040 0.289551 0.013346 0.015625
0 0.271973 0.415894 0.013346 0.012939
0 0.430176 0.524292 0.015299 0.008545
0 0.635905 0.518555 0.021159 0.017090
0 0.867513 0.312500 0.028646 0.027344
0 0.233887 0.175293 0.017253 0.022949
0 0.571777 0.816528 0.023112 0.012939
0 0.348633 0.863892 0.032552 0.012939
1 0.083496 0.730347 0.053711 0.035889
0 0.515137 0.531616 0.013346 0.014404
0 0.016439 0.459717 0.011393 0.011719
0 0.718262 0.718994 0.013346 0.021484
0 0.104655 0.011597 0.015299 0.017334
0 0.165853 0.034668 0.015299 0.022949
0 0.150553 0.217773 0.019206 0.021484