0 0.605794 0.476685 0.020833 0.027100
1 0.497233 0.312378 0.019206 0.014893
3 0.415527 0.358154 0.018555 0.013184
6 0.696289 0.233643 0.011719 0.010254
5 0.591960 0.152100 0.014648 0.010742
4 0.439128 0.128784 0.014323 0.010498
2 0.142090 0.089478 0.013346 0.010498
7 0.163249 0.215088 0.013997 0.011230
11 0.013997 0.207031 0.010417 0.010742
12 0.956217 0.130981 0.025065 0.019775
8 0.204915 0.160645 0.006836 0.006836
10 0.213379 0.170044 0.006836 0.007568
9 0.221517 0.166748 0.006185 0.007324
14 0.760417 0.012939 0.017578 0.015625
20 0.462077 0.020386 0.012695 0.012939
