0 0.628906 0.521973 0.022135 0.025879
3 0.435059 0.408691 0.011393 0.010254
1 0.514486 0.362549 0.017253 0.013672
6 0.708659 0.282104 0.012370 0.010986
5 0.601237 0.204712 0.011719 0.009033
4 0.452311 0.187134 0.013346 0.010010
2 0.165039 0.156982 0.015625 0.011230
7 0.185872 0.275391 0.013672 0.010254
11 0.040527 0.271118 0.013997 0.011475
12 0.958496 0.177979 0.019857 0.014648
25 0.014486 0.255249 0.016602 0.012451
8 0.226074 0.222534 0.005534 0.005615
10 0.232910 0.229736 0.006185 0.004883
9 0.241211 0.227539 0.006510 0.005371
14 0.760742 0.070068 0.023438 0.014648
13 0.933105 0.051025 0.013346 0.014648
18 0.444499 0.009033 0.016602 0.011719
19 0.450521 0.043213 0.018880 0.014160
20 0.471842 0.084473 0.010742 0.008789
