1 0.505534 0.338623 0.017578 0.014648
3 0.425618 0.384277 0.014648 0.011719
0 0.617676 0.500854 0.025716 0.032471
6 0.702962 0.260742 0.012044 0.010254
5 0.596517 0.181641 0.008789 0.010254
4 0.445475 0.160522 0.010742 0.008057
2 0.154622 0.126709 0.013672 0.010742
7 0.175130 0.247925 0.014323 0.011475
11 0.029460 0.242310 0.013997 0.012939
12 0.957682 0.155518 0.022786 0.020996
25 0.004069 0.225952 0.007487 0.012939
8 0.216309 0.194580 0.008138 0.005371
10 0.224121 0.201538 0.008789 0.004639
9 0.232747 0.199219 0.005859 0.007812
14 0.760091 0.044067 0.016276 0.012939
13 0.935872 0.025757 0.015625 0.015381
19 0.445638 0.012695 0.011719 0.010254
20 0.467448 0.054688 0.010417 0.010742
