0 0.626302 0.517212 0.024089 0.026123
1 0.511719 0.355835 0.016927 0.015381
3 0.432292 0.400879 0.015625 0.012207
6 0.706706 0.275513 0.007812 0.006592
5 0.599121 0.198242 0.007487 0.006836
4 0.451172 0.179077 0.010417 0.007568
2 0.162598 0.148560 0.013346 0.009521
7 0.184082 0.268433 0.012695 0.009521
11 0.038249 0.262329 0.012044 0.009521
12 0.962077 0.172974 0.028320 0.019775
25 0.012044 0.248535 0.013672 0.013672
8 0.223470 0.214233 0.007487 0.004639
10 0.230469 0.222656 0.005208 0.005859
9 0.239095 0.219727 0.006185 0.006348
14 0.760091 0.062988 0.018229 0.017578
13 0.933105 0.044312 0.011393 0.011963
18 0.444173 0.002808 0.014648 0.005127
19 0.447591 0.034302 0.012370 0.011475
20 0.471680 0.075806 0.014974 0.013428
