2 0.156087 0.120850 0.021810 0.014160
7 0.174642 0.245239 0.017253 0.014893
4 0.444661 0.157349 0.016276 0.012939
5 0.597005 0.178223 0.013672 0.012207
6 0.703125 0.256104 0.014323 0.013672
1 0.504720 0.336060 0.017253 0.014893
3 0.423340 0.379883 0.017253 0.012695
0 0.615072 0.497925 0.026367 0.030518
11 0.026530 0.237671 0.009440 0.011475
12 0.957682 0.153076 0.014974 0.016113
25 0.003092 0.222656 0.005534 0.014160
8 0.215495 0.190063 0.005208 0.005127
10 0.222005 0.197388 0.007161 0.006104
9 0.231283 0.195923 0.005534 0.007568
14 0.760417 0.039795 0.016927 0.013672
13 0.935710 0.021851 0.014648 0.012451
19 0.445475 0.008301 0.015951 0.010254
20 0.467773 0.050415 0.009115 0.009521
