0 0.613281 0.494385 0.020833 0.025391
1 0.504069 0.332764 0.015299 0.010742
3 0.422689 0.377319 0.010742 0.008057
2 0.151367 0.117920 0.012370 0.012207
7 0.172852 0.239502 0.013021 0.009766
4 0.444499 0.151733 0.012695 0.009521
5 0.594727 0.172852 0.013672 0.010254
6 0.701497 0.251587 0.013672 0.008057
11 0.024740 0.233765 0.018229 0.014893
12 0.957845 0.150391 0.024414 0.019043
8 0.213542 0.185669 0.007812 0.005127
10 0.221029 0.194702 0.005859 0.008057
9 0.229818 0.192505 0.005859 0.007568
14 0.759928 0.035645 0.013997 0.012695
13 0.935872 0.017944 0.012370 0.012451
19 0.444661 0.005859 0.011719 0.011230
20 0.466309 0.046509 0.014648 0.010986
