0 0.602051 0.472778 0.024414 0.030518
1 0.495117 0.304443 0.020182 0.016602
3 0.412598 0.350342 0.015299 0.012207
7 0.160970 0.206543 0.013346 0.009277
2 0.137370 0.081665 0.013021 0.010986
6 0.696289 0.227173 0.009766 0.009033
5 0.590332 0.143921 0.015299 0.011475
4 0.435710 0.121216 0.009440 0.009033
11 0.010091 0.199707 0.009766 0.009766
12 0.956055 0.124634 0.015625 0.012451
8 0.201823 0.151611 0.010417 0.007324
10 0.209798 0.161987 0.007487 0.007080
9 0.218913 0.157959 0.006836 0.005859
14 0.759766 0.006470 0.017578 0.012451
20 0.461263 0.012573 0.014974 0.011963
