0 0.608073 0.484375 0.023438 0.032715
1 0.501302 0.321289 0.018229 0.016113
3 0.418945 0.365356 0.016276 0.015381
6 0.699870 0.241943 0.014974 0.015137
5 0.594401 0.159790 0.015625 0.014893
4 0.441895 0.138794 0.018555 0.011475
7 0.167643 0.225098 0.015625 0.013184
2 0.146973 0.102417 0.013997 0.012451
11 0.018229 0.217651 0.014323 0.010498
12 0.958333 0.140015 0.022135 0.018311
8 0.208984 0.171143 0.007161 0.004395
10 0.215820 0.179443 0.004557 0.004395
9 0.224772 0.177246 0.005534 0.006348
14 0.759603 0.021851 0.015299 0.012939
13 0.940104 0.005615 0.013672 0.010742
20 0.464355 0.032349 0.010742 0.011475
