0 0.621908 0.509399 0.024414 0.025146
1 0.509115 0.350220 0.015625 0.015381
3 0.429525 0.394409 0.010742 0.010010
6 0.705892 0.269287 0.012044 0.010254
5 0.598633 0.191040 0.016927 0.012451
4 0.448079 0.171631 0.015299 0.011719
2 0.158691 0.140137 0.020508 0.012695
7 0.180827 0.259644 0.014648 0.010986
11 0.035319 0.252197 0.021810 0.015137
12 0.959147 0.164673 0.024414 0.018799
25 0.008301 0.239868 0.013997 0.012451
8 0.220866 0.206177 0.005534 0.005615
10 0.227702 0.213623 0.006185 0.005371
9 0.236328 0.212158 0.005208 0.007324
14 0.759603 0.053711 0.016602 0.018066
13 0.934733 0.037354 0.015951 0.016113
19 0.447428 0.025513 0.010742 0.010010
20 0.469889 0.067505 0.010742 0.008545
