0 0.604004 0.472778 0.019206 0.023193
3 0.414551 0.353638 0.011393 0.008057
1 0.496419 0.308716 0.011719 0.009033
6 0.696452 0.229858 0.008138 0.007568
5 0.590169 0.148071 0.013021 0.010010
4 0.437663 0.124878 0.012044 0.007568
7 0.162598 0.211060 0.010091 0.006592
2 0.140625 0.085815 0.012370 0.008545
11 0.011068 0.203613 0.011719 0.009277
12 0.957845 0.128784 0.017253 0.013428
8 0.203451 0.155884 0.007812 0.007080
10 0.209798 0.165649 0.007487 0.008057
9 0.221029 0.163696 0.008464 0.008545
14 0.761393 0.009644 0.017578 0.014893
20 0.463053 0.016357 0.011393 0.012695
