0 0.599609 0.464722 0.024740 0.029053
3 0.409017 0.342529 0.013346 0.012695
1 0.493815 0.299072 0.018229 0.011719
6 0.694661 0.219727 0.009115 0.009277
5 0.590007 0.136841 0.012695 0.010986
4 0.435221 0.112915 0.011068 0.009033
7 0.157552 0.199341 0.013021 0.010498
2 0.135905 0.071167 0.018555 0.010498
8 0.200195 0.144165 0.005859 0.005127
10 0.206868 0.152466 0.006185 0.006592
9 0.216797 0.150024 0.009115 0.007080
12 0.955241 0.119019 0.010742 0.008057
11 0.006673 0.190430 0.012044 0.013672
20 0.460775 0.005249 0.012044 0.010010
