0 0.612142 0.486938 0.028320 0.026123
3 0.419922 0.369629 0.016276 0.013184
1 0.502116 0.323486 0.021810 0.016602
6 0.698893 0.245361 0.017578 0.012207
5 0.594727 0.165405 0.016276 0.015381
4 0.441243 0.141724 0.017904 0.011475
7 0.169108 0.229492 0.018555 0.012207
2 0.147135 0.105957 0.018229 0.017578
11 0.019368 0.221802 0.013346 0.013428
12 0.957194 0.142212 0.021810 0.015869
8 0.210612 0.175171 0.005859 0.005127
10 0.217285 0.183716 0.006836 0.006104
9 0.226400 0.182007 0.006185 0.007080
14 0.760254 0.026611 0.014648 0.013672
13 0.937174 0.008911 0.015625 0.013916
20 0.465169 0.035034 0.011068 0.009521
