1 0.508789 0.340820 0.016927 0.012695
3 0.425618 0.386475 0.013346 0.012695
0 0.617513 0.503418 0.023438 0.028320
6 0.704915 0.261353 0.011393 0.008057
5 0.596842 0.182861 0.013346 0.010254
4 0.444824 0.162842 0.013346 0.011719
2 0.153483 0.128418 0.013997 0.011719
7 0.176595 0.250488 0.013346 0.011719
11 0.030111 0.243896 0.013997 0.008789
12 0.956868 0.158936 0.020508 0.019531
25 0.005371 0.229614 0.010091 0.011475
8 0.216797 0.195923 0.009115 0.004639
10 0.224609 0.203613 0.005859 0.005371
9 0.232585 0.201294 0.004883 0.006104
14 0.759277 0.046143 0.021159 0.017578
13 0.935384 0.027588 0.014648 0.011719
19 0.445964 0.014526 0.007161 0.007080
20 0.468424 0.057495 0.011068 0.011475
