0 0.628255 0.522461 0.022135 0.026855
1 0.515137 0.366211 0.013997 0.011719
3 0.435059 0.411499 0.013346 0.011963
6 0.710286 0.285278 0.011719 0.010498
5 0.602539 0.209351 0.012370 0.010498
4 0.452799 0.190918 0.013021 0.010254
2 0.167155 0.161621 0.015951 0.011719
7 0.187663 0.279419 0.013997 0.011963
11 0.043457 0.275146 0.010091 0.010254
12 0.960286 0.180908 0.020182 0.019531
25 0.015951 0.260864 0.018880 0.012451
8 0.227702 0.226318 0.006836 0.005371
10 0.234049 0.233887 0.005859 0.005371
9 0.242350 0.231812 0.006836 0.007568
14 0.761393 0.073975 0.015625 0.011719
13 0.932292 0.055176 0.014323 0.011719
18 0.445312 0.014282 0.015625 0.010498
19 0.449870 0.047852 0.012370 0.009766
20 0.472168 0.088379 0.014648 0.010742
