0 0.631022 0.528320 0.029622 0.032227
1 0.516439 0.369751 0.027669 0.020752
2 0.166667 0.164673 0.022135 0.015381
7 0.189453 0.281982 0.023438 0.017578
8 0.228516 0.229858 0.007161 0.006592
10 0.235840 0.237915 0.006185 0.005127
9 0.244303 0.235352 0.005534 0.005371
25 0.018066 0.264526 0.018555 0.011963
11 0.046387 0.278809 0.013997 0.010742
4 0.454102 0.195068 0.018229 0.020020
5 0.601888 0.212524 0.022135 0.023193
6 0.708822 0.287842 0.019206 0.015137
3 0.436198 0.413452 0.017578 0.017334
18 0.447103 0.019165 0.017904 0.013428
19 0.451335 0.051636 0.015299 0.010010
20 0.474121 0.091919 0.015299 0.013428
12 0.959798 0.183350 0.021810 0.020020
13 0.932292 0.057983 0.018880 0.011963
14 0.761230 0.077393 0.024414 0.017578
