0 0.604004 0.476440 0.029622 0.032471
3 0.415039 0.355957 0.011719 0.010742
1 0.497070 0.310913 0.016276 0.013916
6 0.697591 0.231567 0.011719 0.009033
5 0.590983 0.149170 0.013997 0.009277
4 0.438639 0.128052 0.014648 0.013428
2 0.140788 0.088013 0.015951 0.010986
7 0.162923 0.214355 0.013997 0.012207
11 0.012207 0.204834 0.010742 0.010254
12 0.956868 0.129028 0.013997 0.013916
8 0.204102 0.158325 0.007812 0.006592
10 0.211914 0.167480 0.008464 0.007324
9 0.221191 0.165039 0.006836 0.006836
14 0.760742 0.010864 0.014974 0.015381
20 0.461751 0.018433 0.008789 0.010498
