0 0.610352 0.486450 0.022786 0.028076
3 0.419271 0.367310 0.016276 0.014893
1 0.501302 0.321777 0.017578 0.015625
6 0.699544 0.243652 0.013672 0.011230
5 0.593424 0.161377 0.014974 0.011719
4 0.442383 0.140503 0.016927 0.011475
2 0.146810 0.104248 0.014323 0.013184
7 0.168132 0.228394 0.019206 0.015381
11 0.020020 0.220581 0.010091 0.012451
12 0.956706 0.140503 0.016276 0.013428
8 0.208822 0.172974 0.007487 0.005615
10 0.216309 0.182251 0.004883 0.007568
9 0.225260 0.179077 0.005208 0.005127
14 0.759277 0.023560 0.012044 0.012451
13 0.937988 0.006836 0.011393 0.013184
20 0.465169 0.033936 0.010417 0.010254
