0 0.619954 0.505249 0.023112 0.029541
1 0.508301 0.342407 0.017253 0.012939
3 0.426270 0.388428 0.012695 0.011230
6 0.703613 0.263550 0.015299 0.009033
5 0.596680 0.184204 0.014323 0.010986
4 0.446289 0.163208 0.019531 0.014404
2 0.155111 0.130859 0.016602 0.013672
7 0.179525 0.252319 0.019206 0.015381
11 0.029134 0.245117 0.014648 0.014648
12 0.957194 0.159180 0.025716 0.023438
25 0.003743 0.230103 0.006836 0.010498
8 0.217285 0.197998 0.008789 0.006836
10 0.225586 0.207520 0.006510 0.006348
9 0.234212 0.203369 0.007487 0.006348
14 0.760254 0.046997 0.016602 0.013916
13 0.934408 0.028931 0.014648 0.014893
19 0.446289 0.017334 0.014974 0.009766
20 0.468099 0.058105 0.007812 0.007812
