1 0.502767 0.329956 0.018555 0.013428
3 0.421712 0.373779 0.013346 0.011230
0 0.611816 0.491089 0.025065 0.030518
2 0.150553 0.112671 0.015299 0.011475
7 0.170410 0.236206 0.013997 0.010986
4 0.444987 0.148682 0.015625 0.011719
5 0.595215 0.168457 0.013997 0.009766
6 0.700684 0.249634 0.013346 0.010498
11 0.023438 0.226562 0.016927 0.011719
12 0.957194 0.146606 0.016602 0.013428
8 0.212565 0.181274 0.006510 0.005615
10 0.219238 0.189453 0.006185 0.007812
9 0.227865 0.187012 0.004557 0.006836
14 0.759928 0.032227 0.012044 0.012207
13 0.936849 0.014893 0.014974 0.014648
20 0.465495 0.042236 0.009115 0.008789
