0 0.620768 0.508911 0.027995 0.026611
1 0.510091 0.351318 0.016276 0.012207
3 0.430176 0.395996 0.013997 0.011719
6 0.706055 0.270996 0.011068 0.009277
5 0.598958 0.192993 0.013672 0.012451
4 0.449056 0.173584 0.012044 0.008789
2 0.158529 0.141357 0.013672 0.011230
7 0.180664 0.262085 0.010417 0.009033
11 0.035482 0.255005 0.010417 0.011475
12 0.957845 0.167236 0.019857 0.017578
25 0.008789 0.242920 0.014323 0.010742
8 0.221191 0.208252 0.006185 0.005371
10 0.228353 0.216919 0.005534 0.007568
9 0.236654 0.213623 0.005859 0.005859
14 0.760579 0.057983 0.015951 0.015381
13 0.933919 0.038940 0.017578 0.015869
19 0.448405 0.028198 0.015299 0.013428
20 0.471029 0.069946 0.011068 0.010986
