0 0.621582 0.507690 0.025716 0.031982
3 0.428223 0.391479 0.013997 0.010010
1 0.508626 0.345825 0.022461 0.014893
6 0.704427 0.266235 0.011719 0.008545
5 0.598633 0.187378 0.010417 0.008545
4 0.446777 0.168335 0.015299 0.011963
2 0.158040 0.134277 0.014648 0.010254
7 0.178385 0.256348 0.016276 0.012695
11 0.031576 0.249390 0.013672 0.013428
12 0.958171 0.161377 0.030273 0.023438
25 0.005534 0.234497 0.010417 0.010986
8 0.219564 0.202515 0.005534 0.005127
10 0.226562 0.210449 0.006510 0.006348
9 0.234538 0.207031 0.005534 0.005371
14 0.760579 0.049927 0.015951 0.012939
13 0.935221 0.033447 0.013672 0.013184
19 0.446615 0.021851 0.013672 0.011475
20 0.467936 0.063599 0.010742 0.011475
