0 0.626953 0.518799 0.022786 0.028320
3 0.433268 0.403687 0.013021 0.012939
1 0.514648 0.359497 0.016927 0.011963
5 0.600586 0.201050 0.010417 0.010498
6 0.707194 0.279297 0.010091 0.009766
4 0.450033 0.184204 0.012044 0.009033
2 0.163086 0.153198 0.012370 0.009521
7 0.184082 0.271973 0.013997 0.010742
11 0.039551 0.265991 0.011393 0.009033
12 0.961751 0.176270 0.030273 0.023438
25 0.014160 0.253418 0.014648 0.010742
8 0.224772 0.218140 0.007487 0.005615
10 0.231608 0.226074 0.007487 0.006348
9 0.240397 0.223511 0.006185 0.006104
14 0.760091 0.067261 0.023438 0.020264
13 0.932292 0.047363 0.016276 0.017090
18 0.443848 0.005737 0.013997 0.010986
19 0.449382 0.038574 0.014648 0.011719
20 0.471029 0.079956 0.014323 0.013428
