0 0.611328 0.490234 0.027344 0.027832
3 0.420736 0.372314 0.013997 0.010742
1 0.500977 0.327148 0.020833 0.016602
6 0.699870 0.249390 0.013672 0.010986
5 0.594238 0.167969 0.013346 0.011230
4 0.441406 0.146851 0.009766 0.009033
7 0.170898 0.234131 0.013672 0.011719
2 0.149251 0.110962 0.013997 0.009521
11 0.023438 0.226318 0.020833 0.010254
12 0.957845 0.143677 0.020508 0.015381
8 0.212565 0.179932 0.006510 0.005371
10 0.219076 0.188477 0.006510 0.006348
9 0.227539 0.185547 0.006510 0.007324
14 0.759277 0.030640 0.015951 0.014893
13 0.937337 0.013184 0.012695 0.013184
20 0.466309 0.040039 0.010742 0.006836
