0 0.615723 0.496338 0.022461 0.031738
1 0.504232 0.333984 0.013021 0.011719
3 0.423340 0.380371 0.010742 0.009277
2 0.151530 0.120483 0.011393 0.008545
7 0.175293 0.242676 0.012695 0.010254
4 0.443685 0.154175 0.008464 0.007568
5 0.595866 0.174927 0.010091 0.008057
6 0.701986 0.254883 0.010742 0.008789
11 0.024251 0.235718 0.015951 0.012451
12 0.957682 0.152222 0.021484 0.020752
8 0.214355 0.187622 0.006836 0.006592
10 0.221842 0.196167 0.004883 0.006104
9 0.230957 0.194824 0.008138 0.007812
14 0.759277 0.037231 0.012044 0.010498
13 0.935710 0.020142 0.010742 0.013428
19 0.445150 0.005859 0.009440 0.010254
20 0.468099 0.049194 0.013672 0.011475
