0 0.606934 0.479126 0.025716 0.031006
3 0.416504 0.358765 0.012044 0.009033
1 0.498698 0.315186 0.014974 0.013672
6 0.698405 0.234741 0.008789 0.007080
5 0.591471 0.152954 0.015625 0.010986
4 0.438639 0.131348 0.014648 0.012207
7 0.163086 0.217041 0.009766 0.009277
2 0.142090 0.092041 0.014648 0.011719
11 0.014811 0.210083 0.012695 0.010986
12 0.955566 0.132324 0.018555 0.018555
8 0.205729 0.162720 0.006510 0.005615
10 0.212728 0.171509 0.006836 0.007568
9 0.222982 0.169067 0.007812 0.007080
14 0.759277 0.013916 0.016602 0.017090
20 0.464681 0.024170 0.015299 0.014648
