0 0.601888 0.469604 0.023438 0.026611
3 0.412435 0.347900 0.012370 0.008301
1 0.494792 0.303589 0.016276 0.013428
6 0.695801 0.224854 0.009440 0.009277
5 0.590007 0.142456 0.012044 0.010010
4 0.435710 0.118774 0.010091 0.008545
7 0.159017 0.205078 0.013997 0.009277
2 0.137370 0.078613 0.011719 0.009277
11 0.009440 0.196289 0.013021 0.011230
12 0.958008 0.124390 0.020182 0.014404
8 0.202474 0.150391 0.009766 0.008301
10 0.209310 0.159424 0.007812 0.007812
9 0.218262 0.156006 0.005534 0.006836
14 0.760742 0.003662 0.009766 0.006836
20 0.460938 0.009155 0.010417 0.010986
