0 0.603027 0.467285 0.029622 0.034668
1 0.491374 0.300049 0.019206 0.017578
3 0.411784 0.346069 0.018229 0.013916
6 0.693848 0.223389 0.014648 0.011719
5 0.588867 0.140137 0.015625 0.012695
4 0.435710 0.115479 0.012044 0.011230
7 0.158854 0.201904 0.017578 0.011230
2 0.136230 0.072144 0.017904 0.010498
12 0.956217 0.120117 0.010091 0.007324
8 0.201172 0.146118 0.008464 0.005615
10 0.207031 0.154419 0.005859 0.005615
9 0.215983 0.152100 0.005534 0.006348
11 0.007650 0.192505 0.010091 0.011963
20 0.461263 0.005371 0.011068 0.008301
