0 0.621257 0.508789 0.020508 0.027344
1 0.508626 0.348022 0.014648 0.014893
3 0.429036 0.392334 0.014323 0.012207
6 0.704915 0.267700 0.013346 0.010986
5 0.599772 0.188965 0.017253 0.013672
4 0.447754 0.170166 0.019857 0.013184
2 0.157389 0.137573 0.014648 0.011475
7 0.179362 0.257202 0.014323 0.008545
11 0.032552 0.252197 0.018880 0.014160
12 0.959961 0.164429 0.025391 0.021729
25 0.006999 0.237793 0.013346 0.011230
8 0.219401 0.203979 0.006510 0.006592
10 0.227376 0.213135 0.005534 0.006836
9 0.235189 0.209839 0.007487 0.006592
14 0.761230 0.054565 0.025716 0.017822
13 0.933919 0.034058 0.013672 0.009521
19 0.446452 0.023315 0.016602 0.012939
20 0.469401 0.065063 0.014974 0.011475
