0 0.601725 0.474243 0.023112 0.030518
3 0.413411 0.351440 0.014974 0.012451
1 0.495605 0.307251 0.015299 0.012939
6 0.695964 0.228027 0.010417 0.006836
5 0.590332 0.146240 0.011393 0.009277
4 0.437500 0.122437 0.010417 0.007568
7 0.162109 0.210327 0.012370 0.008545
2 0.139323 0.083740 0.011719 0.009277
11 0.010905 0.200806 0.014648 0.015869
12 0.955566 0.126831 0.017904 0.012451
8 0.202311 0.154175 0.008138 0.006104
10 0.210775 0.163452 0.006836 0.007568
9 0.220052 0.160889 0.008464 0.007324
14 0.761556 0.007080 0.019206 0.013672
20 0.462240 0.013306 0.010417 0.010010
