0 0.615885 0.500000 0.021484 0.028320
1 0.506836 0.337769 0.014974 0.017822
3 0.424316 0.382446 0.011393 0.010498
4 0.444661 0.158081 0.013021 0.009521
5 0.595378 0.178711 0.011068 0.009277
6 0.703451 0.257935 0.011719 0.009521
2 0.154460 0.124023 0.013346 0.008789
7 0.175618 0.246338 0.015299 0.012695
11 0.028320 0.240234 0.010417 0.010742
12 0.958984 0.155273 0.023438 0.018555
25 0.004232 0.225098 0.007812 0.010254
8 0.216309 0.192017 0.008138 0.005615
10 0.222493 0.199829 0.006836 0.004639
9 0.231608 0.197754 0.004883 0.006836
14 0.760905 0.042847 0.015299 0.013428
13 0.935547 0.023804 0.014974 0.014893
19 0.445638 0.010620 0.009766 0.009521
20 0.466797 0.051880 0.010417 0.010498
