1 0.511068 0.354004 0.016927 0.012695
3 0.431641 0.398804 0.011719 0.009033
0 0.624837 0.514160 0.023112 0.025879
6 0.705078 0.273438 0.013021 0.010254
5 0.599447 0.194702 0.013997 0.010986
4 0.449382 0.175659 0.010091 0.007568
2 0.159831 0.144043 0.016276 0.011230
7 0.182454 0.265137 0.019857 0.012695
11 0.036133 0.257690 0.013021 0.015869
12 0.959635 0.168335 0.023438 0.015869
25 0.008138 0.240967 0.014974 0.016602
8 0.222656 0.211060 0.006510 0.005615
10 0.229329 0.218750 0.006185 0.005859
9 0.237630 0.216309 0.006510 0.006836
14 0.761230 0.057983 0.019206 0.016357
13 0.934733 0.041992 0.017904 0.016602
19 0.449382 0.030762 0.012695 0.009766
20 0.470052 0.072144 0.011068 0.011963
