0 0.599772 0.469238 0.026367 0.029785
1 0.495605 0.302612 0.020508 0.014893
3 0.412435 0.345459 0.016927 0.010742
6 0.695638 0.223877 0.015625 0.011719
5 0.588704 0.140381 0.012695 0.011230
4 0.436686 0.117676 0.012695 0.012207
2 0.137695 0.076660 0.022135 0.016602
7 0.156738 0.203125 0.017904 0.012207
11 0.007975 0.194458 0.010091 0.009033
12 0.955566 0.122314 0.017904 0.018066
8 0.201497 0.148438 0.007161 0.005859
10 0.208496 0.156494 0.004883 0.005859
9 0.217773 0.154419 0.007161 0.007080
20 0.461100 0.006714 0.011393 0.010010
