0 0.607259 0.480835 0.028971 0.030518
3 0.417318 0.361450 0.013672 0.010986
1 0.498698 0.315674 0.015625 0.012695
6 0.699707 0.235107 0.013997 0.011230
5 0.592773 0.155762 0.016276 0.012207
4 0.438802 0.132812 0.009766 0.009277
7 0.165527 0.220093 0.017253 0.010986
2 0.144368 0.095703 0.012695 0.012207
11 0.017415 0.212158 0.014648 0.010742
12 0.956868 0.134033 0.026367 0.025879
8 0.206868 0.164795 0.006836 0.005859
10 0.213379 0.173218 0.006836 0.006592
9 0.223633 0.171509 0.009766 0.006592
14 0.760905 0.016724 0.015951 0.012451
20 0.462891 0.025146 0.014974 0.010254
