0 0.630371 0.526978 0.025716 0.026123
1 0.515137 0.367798 0.019857 0.014404
3 0.435710 0.412476 0.014648 0.010498
6 0.709310 0.287720 0.014323 0.011475
5 0.601562 0.209961 0.010417 0.007812
4 0.453451 0.192383 0.016927 0.011719
2 0.166178 0.162964 0.019206 0.012939
7 0.189128 0.283325 0.015625 0.014893
11 0.043945 0.277344 0.011068 0.010254
12 0.961100 0.181763 0.015951 0.015381
25 0.018392 0.263672 0.016602 0.016113
8 0.228190 0.228638 0.007812 0.006104
10 0.234701 0.235962 0.007161 0.006104
9 0.243652 0.233398 0.007487 0.006348
14 0.760417 0.074829 0.011719 0.010498
13 0.932617 0.056030 0.013672 0.012451
18 0.445638 0.015991 0.016276 0.011475
19 0.451009 0.049072 0.012695 0.010254
20 0.474772 0.090332 0.015951 0.011230
