0 0.620768 0.505493 0.026693 0.029053
1 0.506510 0.345703 0.019531 0.016602
3 0.426595 0.389648 0.017253 0.011230
6 0.703939 0.263672 0.009440 0.007812
5 0.596680 0.185547 0.011068 0.008789
4 0.447591 0.166260 0.015625 0.009766
2 0.155924 0.133423 0.014974 0.010498
7 0.177246 0.253662 0.015951 0.012207
11 0.031901 0.247314 0.013672 0.010254
12 0.957357 0.159912 0.020182 0.014648
25 0.005371 0.232178 0.010091 0.013184
8 0.218913 0.200195 0.007487 0.004883
10 0.225911 0.208374 0.005859 0.006592
9 0.234701 0.205688 0.007161 0.007080
14 0.758138 0.048462 0.018880 0.015381
13 0.934570 0.030884 0.014323 0.013428
19 0.445964 0.018555 0.011719 0.011719
20 0.469401 0.061279 0.013021 0.012695
