0 0.626465 0.517700 0.023763 0.028564
1 0.512695 0.357666 0.015625 0.014160
3 0.432454 0.403687 0.015299 0.011475
6 0.707357 0.278198 0.013672 0.011963
5 0.599609 0.200073 0.016276 0.013428
4 0.449544 0.180176 0.015625 0.011230
2 0.163086 0.151367 0.016276 0.015625
7 0.183431 0.270508 0.013346 0.010742
11 0.038086 0.263672 0.010417 0.009766
12 0.958984 0.173706 0.020833 0.018311
25 0.012533 0.249878 0.012695 0.010986
8 0.224447 0.216797 0.004883 0.004883
10 0.230469 0.224487 0.006510 0.006592
9 0.239258 0.221436 0.006510 0.005859
14 0.760905 0.064087 0.019857 0.018799
13 0.934082 0.045898 0.016602 0.014160
18 0.445150 0.004639 0.010742 0.008789
19 0.448730 0.035767 0.011393 0.008545
20 0.470215 0.076660 0.017253 0.012207
