0 0.629720 0.523438 0.025065 0.028320
1 0.515299 0.364868 0.016276 0.012939
3 0.435710 0.410645 0.013997 0.011719
6 0.709147 0.284302 0.013346 0.011475
5 0.601562 0.207520 0.016276 0.012695
4 0.451823 0.189209 0.016276 0.012207
2 0.164551 0.159058 0.015299 0.010986
7 0.186035 0.278564 0.014648 0.011230
11 0.041667 0.272705 0.011719 0.008301
12 0.961263 0.180298 0.027995 0.021729
25 0.014160 0.257690 0.022461 0.014893
8 0.227051 0.224854 0.007487 0.006348
10 0.233236 0.232300 0.006836 0.006104
9 0.242513 0.230103 0.007161 0.007080
14 0.761393 0.072388 0.021484 0.016357
13 0.932292 0.053345 0.012370 0.012939
18 0.444987 0.011719 0.015625 0.013184
19 0.449707 0.045288 0.013346 0.010010
20 0.473633 0.086304 0.013021 0.010986
