0 0.623698 0.514282 0.022786 0.022217
3 0.430990 0.399170 0.011068 0.008789
1 0.511068 0.355103 0.014974 0.010986
6 0.705404 0.274658 0.014974 0.010742
5 0.601725 0.197632 0.017253 0.011475
4 0.449707 0.178589 0.013346 0.010010
2 0.161621 0.146118 0.015299 0.012451
7 0.182617 0.265625 0.013672 0.011230
11 0.037435 0.261353 0.011719 0.011475
12 0.959310 0.170410 0.022786 0.016602
25 0.011719 0.246704 0.018880 0.015869
8 0.222819 0.212524 0.005534 0.004639
10 0.229818 0.220459 0.005208 0.005859
9 0.237956 0.217773 0.005859 0.007324
14 0.760091 0.062012 0.019531 0.018066
13 0.932617 0.041504 0.018229 0.016602
19 0.449382 0.033569 0.013997 0.011963
20 0.468913 0.073120 0.013997 0.011475
