0 0.626628 0.520508 0.022786 0.023926
3 0.433919 0.406494 0.013672 0.012207
1 0.512858 0.360596 0.014648 0.011230
6 0.708659 0.280151 0.011068 0.010986
5 0.600260 0.203125 0.013672 0.010742
4 0.451172 0.185181 0.016927 0.012939
2 0.163737 0.154907 0.011719 0.010498
7 0.184896 0.272949 0.013021 0.011230
11 0.040202 0.269653 0.017253 0.011475
12 0.960938 0.176270 0.023438 0.015137
25 0.013509 0.254028 0.012695 0.010498
8 0.225586 0.220337 0.005859 0.005615
10 0.232259 0.227783 0.006836 0.005859
9 0.240723 0.225586 0.006836 0.006348
14 0.760905 0.067993 0.015299 0.013916
13 0.932617 0.049194 0.013672 0.015381
18 0.444824 0.007202 0.011393 0.011963
19 0.449056 0.041382 0.008138 0.007080
20 0.472168 0.081909 0.012695 0.011475
