0 0.604980 0.481445 0.031576 0.035645
1 0.499512 0.317383 0.017904 0.016113
3 0.416829 0.362183 0.013346 0.010986
6 0.697917 0.238159 0.011068 0.010986
5 0.591471 0.155640 0.011719 0.010986
4 0.440918 0.135498 0.012044 0.009277
7 0.165039 0.222046 0.016276 0.011475
2 0.144531 0.097168 0.015625 0.011719
11 0.016602 0.213745 0.009766 0.007568
12 0.957520 0.137695 0.015299 0.012695
8 0.207357 0.166870 0.006510 0.005615
10 0.214681 0.175659 0.006185 0.005615
9 0.223307 0.173340 0.005208 0.007812
14 0.758789 0.018555 0.011719 0.010742
13 0.938477 0.003784 0.016927 0.007080
20 0.462891 0.026245 0.014323 0.010986
