0 0.608398 0.483276 0.022786 0.026123
3 0.416992 0.364746 0.014974 0.011719
1 0.498698 0.318970 0.016276 0.012939
6 0.697917 0.241211 0.012370 0.010254
5 0.592122 0.158813 0.014323 0.015869
4 0.438965 0.136963 0.017253 0.013672
7 0.166341 0.223022 0.016927 0.011963
2 0.144857 0.099121 0.018229 0.011719
11 0.016602 0.215698 0.010417 0.009521
12 0.956217 0.137695 0.016602 0.016602
8 0.208008 0.168823 0.007161 0.005615
10 0.215332 0.178223 0.006836 0.007812
9 0.224772 0.175293 0.007487 0.007812
14 0.759440 0.020508 0.013021 0.012207
13 0.937826 0.006470 0.016927 0.012451
20 0.464518 0.029785 0.016276 0.010254
