0 0.610352 0.487061 0.027344 0.036621
3 0.421061 0.371826 0.013997 0.013184
1 0.502116 0.325928 0.021810 0.018066
6 0.701172 0.247559 0.016927 0.012207
5 0.591960 0.165894 0.020508 0.013428
4 0.441569 0.145996 0.018555 0.013672
7 0.169434 0.231934 0.019206 0.012695
2 0.145996 0.108032 0.020508 0.014404
11 0.020020 0.224243 0.015951 0.011963
12 0.956380 0.143677 0.022786 0.018311
8 0.211589 0.177734 0.009115 0.007324
10 0.218262 0.186768 0.006185 0.007812
9 0.227376 0.183350 0.005534 0.006348
14 0.760417 0.028809 0.011719 0.011719
13 0.935384 0.010986 0.017253 0.017090
20 0.465658 0.037476 0.011393 0.011475
