0 0.614258 0.492920 0.023438 0.026855
1 0.503418 0.331055 0.013346 0.010254
3 0.421387 0.376343 0.012044 0.010010
4 0.443522 0.150635 0.013997 0.010742
5 0.593587 0.170898 0.010742 0.008301
6 0.701986 0.250977 0.012695 0.009277
2 0.150065 0.114014 0.016927 0.012207
7 0.171712 0.237427 0.015299 0.012451
11 0.022624 0.230347 0.017904 0.010986
12 0.957194 0.149048 0.025716 0.021729
8 0.213216 0.183472 0.007161 0.005615
10 0.219889 0.191895 0.007487 0.005859
9 0.230469 0.189941 0.007812 0.008789
14 0.758952 0.033203 0.013997 0.011719
13 0.935384 0.015747 0.012695 0.012939
19 0.443685 0.003784 0.013672 0.007080
20 0.465658 0.046143 0.012044 0.010742
